-12,
-11,
-8,
-4,
0,
4,
7,
8,
7,
3,
-3,
-12,
-23,
-33,
-43,
-50,
-53,
-51,
-44,
-33,
-20,
-7,
3,
6,
1,
-14,
-39,
-71,
-108,
-145,
-176,
-196,
-202,
-192,
-166,
-128,
-84,
-42,
-11,
2,
-10,
-49,
-115,
-200,
-295,
-387,
-462,
-506,
-511,
-471,
-390,
-277,
-147,
-21,
78,
130,
116,
29,
-129,
-345,
-595,
-846,
-1058,
-1193,
-1213,
-1092,
-818,
-393,
163,
812,
1506,
2187,
2795,
3275,
3583,
3688,
3583,
3275,
2795,
2187,
1506,
812,
163,
-393,
-818,
-1092,
-1213,
-1193,
-1058,
-846,
-595,
-345,
-129,
29,
116,
130,
78,
-21,
-147,
-277,
-390,
-471,
-511,
-506,
-462,
-387,
-295,
-200,
-115,
-49,
-10,
2,
-11,
-42,
-84,
-128,
-166,
-192,
-202,
-196,
-176,
-145,
-108,
-71,
-39,
-14,
1,
6,
3,
-7,
-20,
-33,
-44,
-51,
-53,
-50,
-43,
-33,
-23,
-12,
-3,
3,
7,
8,
7,
4,
0,
-4,
-8,
-11,
-12