21,
-2,
10,
-0,
-11,
2,
-27,
-2,
-23,
-13,
2,
-18,
31,
-4,
38,
29,
13,
54,
-23,
35,
-39,
-34,
-22,
-104,
5,
-102,
8,
-0,
-9,
135,
-7,
184,
45,
80,
106,
-111,
84,
-229,
-66,
-165,
-249,
30,
-273,
182,
-26,
168,
358,
36,
547,
-48,
283,
-0,
-321,
62,
-796,
-59,
-673,
-358,
64,
-508,
876,
-109,
1066,
819,
382,
1575,
-692,
1099,
-1289,
-1211,
-875,
-4831,
264,
-8185,
1222,
23195,
1222,
-8185,
264,
-4831,
-875,
-1211,
-1289,
1099,
-692,
1575,
382,
819,
1066,
-109,
876,
-508,
64,
-358,
-673,
-59,
-796,
62,
-321,
-0,
283,
-48,
547,
36,
358,
168,
-26,
182,
-273,
30,
-249,
-165,
-66,
-229,
84,
-111,
106,
80,
45,
184,
-7,
135,
-9,
-0,
8,
-102,
5,
-104,
-22,
-34,
-39,
35,
-23,
54,
13,
29,
38,
-4,
31,
-18,
2,
-13,
-23,
-2,
-27,
2,
-11,
-0,
10,
-2,
21