-41,
-10,
-11,
-11,
-12,
-13,
-13,
-14,
-14,
-13,
-13,
-12,
-11,
-9,
-7,
-4,
-1,
3,
7,
12,
18,
24,
32,
40,
49,
58,
69,
80,
93,
106,
120,
134,
150,
167,
184,
202,
220,
240,
259,
280,
301,
322,
344,
366,
388,
410,
432,
454,
476,
497,
519,
539,
559,
579,
598,
615,
632,
648,
663,
677,
689,
700,
710,
718,
725,
731,
734,
737,
738,
737,
734,
731,
725,
718,
710,
700,
689,
677,
663,
648,
632,
615,
598,
579,
559,
539,
519,
497,
476,
454,
432,
410,
388,
366,
344,
322,
301,
280,
259,
240,
220,
202,
184,
167,
150,
134,
120,
106,
93,
80,
69,
58,
49,
40,
32,
24,
18,
12,
7,
3,
-1,
-4,
-7,
-9,
-11,
-12,
-13,
-13,
-14,
-14,
-13,
-13,
-12,
-11,
-11,
-10,
-41